Title Time vs Number of Events
xTitle Time (ms)
yTitle Number of Events
xLower 946867685000
xUpper 1547002085000
xInterval 6001344000
yLower 0
yUpper 13
yInterval 1
Data
946867685000 4
952869029000 0
958870373000 0
964871717000 0
970873061000 0
976874405000 1
982875749000 0
988877093000 0
994878437000 0
1000879781000 0
1006881125000 0
1012882469000 0
1018883813000 0
1024885157000 0
1030886501000 0
1036887845000 0
1042889189000 0
1048890533000 0
1054891877000 0
1060893221000 0
1066894565000 0
1072895909000 0
1078897253000 0
1084898597000 0
1090899941000 0
1096901285000 0
1102902629000 0
1108903973000 0
1114905317000 0
1120906661000 0
1126908005000 0
1132909349000 0
1138910693000 0
1144912037000 0
1150913381000 0
1156914725000 0
1162916069000 0
1168917413000 0
1174918757000 0
1180920101000 0
1186921445000 0
1192922789000 0
1198924133000 0
1204925477000 0
1210926821000 0
1216928165000 0
1222929509000 0
1228930853000 0
1234932197000 0
1240933541000 0
1246934885000 0
1252936229000 0
1258937573000 0
1264938917000 0
1270940261000 0
1276941605000 0
1282942949000 0
1288944293000 0
1294945637000 0
1300946981000 0
1306948325000 0
1312949669000 0
1318951013000 0
1324952357000 1
1330953701000 0
1336955045000 0
1342956389000 0
1348957733000 0
1354959077000 5
1360960421000 0
1366961765000 0
1372963109000 0
1378964453000 0
1384965797000 0
1390967141000 0
1396968485000 0
1402969829000 0
1408971173000 0
1414972517000 2
1420973861000 0
1426975205000 0
1432976549000 0
1438977893000 0
1444979237000 0
1450980581000 0
1456981925000 0
1462983269000 0
1468984613000 0
1474985957000 0
1480987301000 0
1486988645000 0
1492989989000 0
1498991333000 0
1504992677000 0
1510994021000 1
1516995365000 0
1522996709000 0
1528998053000 0
1534999397000 0
1541000741000 0
